R	S_avg	S_std	S_avg_smooth	S_sum
1.022450000000000045e+02	7.400000000000000000e+01	3.398038649966575520e+01	7.180686274509798750e+01	4.440000000000000000e+02
1.053799999999999955e+02	7.166666666666667140e+01	3.472591091517814732e+01	7.178963585434169659e+01	4.300000000000000000e+02
1.085130000000000052e+02	7.033333333333332860e+01	3.194613522095522029e+01	7.178641456582629132e+01	4.220000000000000000e+02
1.116479999999999961e+02	7.133333333333332860e+01	3.515047020390418453e+01	7.179719887955178592e+01	4.280000000000000000e+02
1.147800000000000011e+02	6.833333333333332860e+01	3.335499296290669946e+01	7.182198879551818038e+01	4.100000000000000000e+02
1.179110000000000014e+02	7.333333333333332860e+01	3.676350847723263371e+01	7.186078431372546049e+01	4.400000000000000000e+02
1.210409999999999968e+02	7.000000000000000000e+01	3.773592452822641263e+01	7.191358543417364046e+01	4.200000000000000000e+02
1.241689999999999969e+02	7.400000000000000000e+01	3.519469657017469899e+01	7.198039215686311820e+01	4.440000000000000000e+02
1.272969999999999970e+02	7.300000000000000000e+01	3.645545226711637099e+01	7.220150829562632566e+01	4.380000000000000000e+02
1.304230000000000018e+02	7.666666666666667140e+01	4.090096440047457804e+01	7.222262443438953028e+01	4.600000000000000000e+02
1.335469999999999970e+02	7.066666666666667140e+01	3.086889840744060010e+01	7.252006033182543376e+01	4.240000000000000000e+02
1.366709999999999923e+02	7.300000000000000000e+01	3.903417306241630769e+01	7.235987933635030345e+01	4.380000000000000000e+02
1.397949999999999875e+02	6.766666666666667140e+01	3.062497165531567944e+01	7.246968325791893051e+01	4.060000000000000000e+02
1.429170000000000016e+02	7.500000000000000000e+01	3.787259343289462521e+01	7.361538461538501110e+01	4.500000000000000000e+02
1.460380000000000109e+02	7.266666666666667140e+01	3.699849846803095232e+01	7.451734539969874049e+01	4.360000000000000000e+02
1.491589999999999918e+02	7.533333333333332860e+01	4.034297405441937912e+01	7.566998491704413254e+01	4.520000000000000000e+02
1.522760000000000105e+02	7.833333333333332860e+01	4.025612444778502663e+01	7.717918552036239532e+01	4.700000000000000000e+02
1.553940000000000055e+02	7.633333333333332860e+01	3.516469188768125065e+01	7.925972850678775217e+01	4.580000000000000000e+02
1.585109999999999957e+02	8.533333333333332860e+01	3.104119127152750934e+01	8.046968325791898735e+01	5.120000000000000000e+02
1.616250000000000000e+02	8.400000000000000000e+01	3.374413529291670244e+01	8.158250377073949267e+01	5.040000000000000000e+02
1.647400000000000091e+02	8.133333333333332860e+01	3.025814858109391281e+01	8.199034690799439318e+01	4.880000000000000000e+02
1.678540000000000134e+02	8.166666666666667140e+01	3.863360655641090347e+01	8.377737556561130816e+01	4.900000000000000000e+02
1.709650000000000034e+02	8.500000000000000000e+01	3.961060464067671916e+01	8.386033182503815908e+01	5.100000000000000000e+02
1.740769999999999982e+02	8.266666666666667140e+01	3.556527644893103712e+01	8.435897435897481955e+01	4.960000000000000000e+02
1.771860000000000070e+02	8.200000000000000000e+01	3.843609414773219868e+01	8.481297134238356250e+01	4.920000000000000000e+02
1.802949999999999875e+02	8.500000000000000000e+01	3.680126809409335209e+01	8.486153846153891323e+01	5.100000000000000000e+02
1.834019999999999868e+02	8.866666666666667140e+01	4.173993557999607162e+01	8.544494720965354873e+01	5.320000000000000000e+02
1.865080000000000098e+02	8.966666666666667140e+01	4.065163656675528614e+01	8.567239819004569767e+01	5.380000000000000000e+02
1.896150000000000091e+02	7.900000000000000000e+01	3.336165463522455354e+01	8.528084464555098521e+01	4.740000000000000000e+02
1.927179999999999893e+02	8.933333333333332860e+01	3.940671121635106289e+01	8.532549019607888852e+01	5.360000000000000000e+02
1.958230000000000075e+02	8.500000000000000000e+01	3.678314831549904085e+01	8.542322775263995993e+01	5.100000000000000000e+02
1.989240000000000066e+02	8.500000000000000000e+01	3.692785759649030553e+01	8.422202111613921716e+01	5.100000000000000000e+02
2.020250000000000057e+02	8.233333333333332860e+01	3.769025809881852496e+01	8.280180995475157602e+01	4.940000000000000000e+02
2.051239999999999952e+02	8.266666666666667140e+01	3.093362068832048450e+01	8.115686274509846498e+01	4.960000000000000000e+02
2.082249999999999943e+02	8.466666666666667140e+01	3.654525352977532293e+01	8.181628959276061153e+01	5.080000000000000000e+02
2.113220000000000027e+02	8.833333333333332860e+01	3.692183936672470423e+01	8.701598793363545781e+01	5.300000000000000000e+02
2.144190000000000111e+02	8.300000000000000000e+01	3.397548135543237890e+01	9.219064856711963785e+01	4.980000000000000000e+02
2.175140000000000100e+02	8.400000000000000000e+01	3.200000000000000000e+01	9.863288084464608119e+01	5.040000000000000000e+02
2.206080000000000041e+02	9.733333333333332860e+01	3.440284225984178335e+01	1.037882352941181949e+02	5.840000000000000000e+02
2.237009999999999934e+02	1.073333333333333286e+02	3.753516869402466227e+01	1.078147812971348003e+02	6.440000000000000000e+02
2.267940000000000111e+02	1.303333333333333428e+02	2.810496199764178726e+01	1.095049773755661988e+02	7.820000000000000000e+02
2.298849999999999909e+02	1.380000000000000000e+02	3.477547028198659973e+01	1.113016591251891327e+02	8.280000000000000000e+02
2.329749999999999943e+02	1.133333333333333286e+02	3.480740661921763746e+01	1.128769230769236742e+02	6.800000000000000000e+02
2.360639999999999930e+02	1.046666666666666714e+02	4.081938537291102165e+01	1.142244343891408676e+02	6.280000000000000000e+02
2.391519999999999868e+02	9.700000000000000000e+01	3.569780572154727594e+01	1.137339366515843153e+02	5.820000000000000000e+02
2.422390000000000043e+02	9.833333333333332860e+01	3.670452590924206504e+01	1.106295625942690606e+02	5.900000000000000000e+02
2.453249999999999886e+02	1.013333333333333286e+02	3.373754914367999191e+01	1.069942684766219827e+02	6.080000000000000000e+02
2.484079999999999870e+02	1.170000000000000000e+02	3.461695153148718873e+01	1.024944193061845681e+02	7.020000000000000000e+02
2.514919999999999902e+02	1.120000000000000000e+02	4.059556626036887650e+01	1.010582202111619381e+02	6.720000000000000000e+02
2.545749999999999886e+02	1.066666666666666714e+02	3.763272807307785683e+01	1.012986425339371834e+02	6.400000000000000000e+02
2.576569999999999823e+02	9.866666666666667140e+01	3.679975845331355089e+01	9.981990950226297343e+01	5.920000000000000000e+02
2.607359999999999900e+02	9.033333333333332860e+01	3.740617893105659419e+01	9.747179487179539592e+01	5.420000000000000000e+02
2.638159999999999741e+02	9.133333333333332860e+01	3.490304030055580142e+01	9.375656108597334537e+01	5.480000000000000000e+02
2.668949999999999818e+02	8.800000000000000000e+01	3.963163719387159745e+01	9.077285067873351920e+01	5.280000000000000000e+02
2.699700000000000273e+02	9.366666666666667140e+01	4.040489519297823762e+01	8.757647058823576458e+01	5.620000000000000000e+02
2.730470000000000255e+02	8.600000000000000000e+01	3.974921382870358144e+01	8.636410256410302111e+01	5.160000000000000000e+02
2.761209999999999809e+02	8.833333333333332860e+01	3.701201006280108885e+01	8.891583710407287811e+01	5.300000000000000000e+02
2.791960000000000264e+02	9.133333333333332860e+01	3.507452383457574996e+01	9.477526395173504170e+01	5.480000000000000000e+02
2.822669999999999959e+02	9.566666666666667140e+01	4.030577570963689737e+01	1.017212669683263471e+02	5.740000000000000000e+02
2.853399999999999750e+02	1.060000000000000000e+02	3.542127421009394794e+01	1.091116138763203338e+02	6.360000000000000000e+02
2.884100000000000250e+02	1.056666666666666714e+02	3.683144791554569508e+01	1.169568627450986469e+02	6.340000000000000000e+02
2.914800000000000182e+02	1.220000000000000000e+02	3.208322510804256922e+01	1.235589743589750356e+02	7.320000000000000000e+02
2.945480000000000018e+02	1.480000000000000000e+02	3.318634257240971408e+01	1.289197586727005387e+02	8.880000000000000000e+02
2.976150000000000091e+02	1.443333333333333428e+02	3.539146161937304669e+01	1.311625942684773065e+02	8.660000000000000000e+02
3.006800000000000068e+02	1.340000000000000000e+02	3.854002248745235448e+01	1.310874811463053788e+02	8.040000000000000000e+02
3.037470000000000141e+02	1.313333333333333428e+02	3.938978999125986036e+01	1.287088989441937485e+02	7.880000000000000000e+02
3.068100000000000023e+02	1.226666666666666714e+02	4.539701409662191622e+01	1.241936651583716866e+02	7.360000000000000000e+02
3.098729999999999905e+02	1.116666666666666714e+02	4.081530214134018308e+01	1.189318250377080233e+02	6.700000000000000000e+02
3.129340000000000259e+02	1.040000000000000000e+02	4.267708206207792188e+01	1.117369532428361936e+02	6.240000000000000000e+02
3.159950000000000045e+02	1.013333333333333286e+02	4.574810257146069858e+01	1.045107088989447561e+02	6.080000000000000000e+02
3.190539999999999736e+02	1.010000000000000000e+02	4.423799272118932890e+01	1.008953242835601287e+02	6.060000000000000000e+02
3.221150000000000091e+02	9.933333333333332860e+01	4.465671530937112976e+01	9.836168929110158388e+01	5.960000000000000000e+02
3.251720000000000255e+02	9.800000000000000000e+01	4.245782220824175113e+01	9.617375565610910826e+01	5.880000000000000000e+02
3.282289999999999850e+02	9.766666666666667140e+01	4.251143636978433449e+01	9.469019607843188169e+01	5.860000000000000000e+02
3.312819999999999823e+02	9.300000000000000000e+01	3.991240408695021102e+01	9.345912518853745610e+01	5.580000000000000000e+02
3.343360000000000127e+02	9.133333333333332860e+01	3.982740541665025091e+01	9.259095022624482851e+01	5.480000000000000000e+02
3.373899999999999864e+02	9.533333333333332860e+01	4.535293693785320102e+01	9.183438914027199473e+01	5.720000000000000000e+02
3.404420000000000073e+02	8.966666666666667140e+01	4.251143636978433449e+01	9.166334841629009134e+01	5.380000000000000000e+02
3.434940000000000282e+02	8.866666666666667140e+01	3.910100879630714132e+01	9.156561085972900571e+01	5.320000000000000000e+02
3.465439999999999827e+02	8.766666666666667140e+01	3.790192020934500761e+01	9.109834087481195297e+01	5.260000000000000000e+02
3.495910000000000082e+02	9.166666666666667140e+01	3.901139434689419971e+01	9.127993966817544447e+01	5.500000000000000000e+02
3.526399999999999864e+02	9.666666666666667140e+01	4.712630782152245956e+01	9.153212669683306046e+01	5.800000000000000000e+02
3.556870000000000118e+02	9.533333333333332860e+01	4.443222054120435160e+01	9.182895927601859398e+01	5.720000000000000000e+02
3.587309999999999945e+02	9.433333333333332860e+01	4.143133543051147427e+01	9.248898944193112470e+01	5.660000000000000000e+02
3.617760000000000105e+02	8.933333333333332860e+01	4.006106450019630927e+01	9.412247360482703584e+01	5.360000000000000000e+02
3.648210000000000264e+02	9.033333333333332860e+01	3.244311260584525769e+01	9.556802413273051400e+01	5.420000000000000000e+02
3.678620000000000232e+02	9.700000000000000000e+01	4.401136216933077350e+01	9.683710407239868800e+01	5.820000000000000000e+02
3.709039999999999964e+02	9.500000000000000000e+01	3.862210075418822441e+01	9.703197586727048929e+01	5.700000000000000000e+02
3.739440000000000168e+02	1.003333333333333286e+02	4.331922847368770846e+01	9.739698340874862481e+01	6.020000000000000000e+02
3.769839999999999804e+02	1.020000000000000000e+02	4.011649702221435376e+01	9.777888386123731834e+01	6.120000000000000000e+02
3.800210000000000150e+02	1.010000000000000000e+02	4.151706476458405604e+01	9.733574660633536269e+01	6.060000000000000000e+02
3.830570000000000164e+02	9.866666666666667140e+01	4.557289642856693490e+01	9.703891402714984338e+01	5.920000000000000000e+02
3.860950000000000273e+02	9.500000000000000000e+01	3.730504880933231959e+01	9.511583710407290937e+01	5.700000000000000000e+02
3.891290000000000191e+02	9.066666666666667140e+01	3.639902318591652630e+01	9.325912518853745325e+01	5.440000000000000000e+02
3.921619999999999777e+02	9.366666666666667140e+01	3.329497793294891750e+01	9.256168929110157251e+01	5.620000000000000000e+02
3.951960000000000264e+02	9.000000000000000000e+01	4.207929023482533637e+01	9.335052790346959739e+01	5.400000000000000000e+02
3.982280000000000086e+02	9.100000000000000000e+01	3.586548944784293980e+01	9.679909502262496801e+01	5.460000000000000000e+02
4.012579999999999814e+02	9.800000000000000000e+01	3.671511950137163893e+01	1.013574660633489515e+02	5.880000000000000000e+02
4.042869999999999777e+02	9.700000000000000000e+01	3.411255878216505977e+01	1.054983408748120297e+02	5.820000000000000000e+02
4.073149999999999977e+02	1.110000000000000000e+02	3.467467856135559146e+01	1.091930618401212456e+02	6.660000000000000000e+02
4.103419999999999845e+02	1.186666666666666714e+02	3.717824931626315532e+01	1.118895927601815856e+02	7.120000000000000000e+02
4.133690000000000282e+02	1.266666666666666714e+02	3.430581421404961873e+01	1.128865761689297074e+02	7.600000000000000000e+02
4.163940000000000055e+02	1.233333333333333286e+02	3.957552554574887438e+01	1.129457013574666746e+02	7.400000000000000000e+02
4.194180000000000064e+02	1.090000000000000000e+02	3.488552708502481892e+01	1.112386123680247181e+02	6.540000000000000000e+02
4.224409999999999741e+02	9.966666666666667140e+01	3.875421124070116718e+01	1.085158371040729719e+02	5.980000000000000000e+02
4.254639999999999986e+02	9.966666666666667140e+01	4.371752763162874089e+01	1.047903469079945182e+02	5.980000000000000000e+02
4.284850000000000136e+02	9.666666666666667140e+01	3.844765561412323507e+01	9.979879336349978303e+01	5.800000000000000000e+02
4.315049999999999955e+02	9.400000000000000000e+01	4.730045806684469767e+01	9.538853695324334581e+01	5.640000000000000000e+02
4.345219999999999914e+02	9.400000000000000000e+01	4.158525379666851762e+01	9.193544494721014360e+01	5.640000000000000000e+02
4.375409999999999968e+02	9.300000000000000000e+01	4.453837296833671644e+01	9.058461538461588702e+01	5.580000000000000000e+02
4.405579999999999927e+02	9.266666666666667140e+01	4.746460669687350276e+01	9.040965309200652200e+01	5.560000000000000000e+02
4.435740000000000123e+02	8.666666666666667140e+01	4.394946593026535453e+01	8.948748114630515715e+01	5.200000000000000000e+02
4.465869999999999891e+02	8.800000000000000000e+01	4.396968652757639973e+01	8.833846153846201332e+01	5.280000000000000000e+02
4.496019999999999754e+02	8.666666666666667140e+01	4.411600868417520616e+01	8.753996983408794108e+01	5.200000000000000000e+02
4.526129999999999995e+02	8.766666666666667140e+01	4.345751437387504268e+01	8.698763197586772833e+01	5.260000000000000000e+02
4.556250000000000000e+02	8.833333333333332860e+01	4.379370832538492664e+01	8.607933634992504324e+01	5.300000000000000000e+02
4.586349999999999909e+02	8.533333333333332860e+01	4.153178167246005614e+01	8.551734539969879734e+01	5.120000000000000000e+02
4.616449999999999818e+02	8.333333333333332860e+01	3.778300617414600993e+01	8.543710407239863969e+01	5.000000000000000000e+02
4.646519999999999868e+02	8.700000000000000000e+01	3.977855368579070472e+01	8.604524886877874224e+01	5.220000000000000000e+02
4.676610000000000014e+02	8.566666666666667140e+01	4.324221188710041730e+01	8.592760180995520614e+01	5.140000000000000000e+02
4.706659999999999968e+02	8.600000000000000000e+01	3.981624459103763058e+01	8.621025641025687491e+01	5.160000000000000000e+02
4.736700000000000159e+02	8.400000000000000000e+01	4.448220618029940709e+01	8.608989441930664555e+01	5.040000000000000000e+02
4.766759999999999877e+02	8.800000000000000000e+01	4.069397989875160704e+01	8.666576168929157120e+01	5.280000000000000000e+02
4.796779999999999973e+02	8.933333333333332860e+01	3.825644462774285870e+01	8.680392156862791353e+01	5.360000000000000000e+02
4.826789999999999736e+02	8.866666666666667140e+01	4.849284025044888580e+01	8.711583710407285253e+01	5.320000000000000000e+02
4.856800000000000068e+02	8.533333333333332860e+01	4.237399621885521128e+01	8.738521870286623994e+01	5.120000000000000000e+02
4.886789999999999736e+02	8.833333333333332860e+01	4.648177659637758552e+01	8.829864253393711238e+01	5.300000000000000000e+02
4.916779999999999973e+02	8.666666666666667140e+01	4.002776813940819522e+01	8.879426847662189459e+01	5.200000000000000000e+02
4.946750000000000114e+02	9.100000000000000000e+01	3.705401462729781059e+01	8.993906485671240603e+01	5.460000000000000000e+02
4.976720000000000255e+02	8.666666666666667140e+01	3.595676416043146872e+01	9.063951734540017924e+01	5.200000000000000000e+02
5.006669999999999732e+02	9.466666666666667140e+01	4.122566622330748487e+01	9.246576168929159678e+01	5.680000000000000000e+02
5.036619999999999777e+02	9.433333333333332860e+01	3.396894006131025634e+01	9.358491704374107201e+01	5.660000000000000000e+02
5.066549999999999727e+02	9.466666666666667140e+01	3.935592571505451076e+01	9.431734539969883713e+01	5.680000000000000000e+02
5.096480000000000246e+02	9.333333333333332860e+01	3.965966324729559744e+01	9.409351432880896482e+01	5.600000000000000000e+02
5.126390000000000100e+02	9.866666666666667140e+01	4.708384955469220046e+01	9.442383107089040095e+01	5.920000000000000000e+02
5.156299999999999955e+02	9.433333333333332860e+01	4.450343307606229359e+01	9.379306184012116887e+01	5.660000000000000000e+02
5.186169999999999618e+02	9.600000000000000000e+01	4.374166587286466523e+01	9.307963800905025664e+01	5.760000000000000000e+02
5.216059999999999945e+02	8.533333333333332860e+01	3.950808637341080498e+01	9.193695324283606851e+01	5.120000000000000000e+02
5.245940000000000509e+02	8.933333333333332860e+01	4.577723840027438484e+01	9.129230769230815667e+01	5.360000000000000000e+02
5.275779999999999745e+02	9.000000000000000000e+01	4.277070648625450389e+01	9.019245852187076196e+01	5.400000000000000000e+02
5.305639999999999645e+02	9.333333333333332860e+01	4.489493908622168306e+01	8.958250377073953530e+01	5.600000000000000000e+02
5.335489999999999782e+02	8.666666666666667140e+01	4.178782385123951570e+01	8.854358974359021772e+01	5.200000000000000000e+02
5.365299999999999727e+02	8.900000000000000000e+01	4.148493702538308270e+01	8.868838612368071495e+01	5.340000000000000000e+02
5.395130000000000337e+02	9.100000000000000000e+01	4.511836285445945549e+01	8.884253393665206033e+01	5.460000000000000000e+02
5.424930000000000518e+02	8.700000000000000000e+01	4.253234063627347439e+01	8.879276018099594125e+01	5.220000000000000000e+02
5.454719999999999800e+02	8.600000000000000000e+01	4.241069047618379528e+01	8.787511312217240800e+01	5.160000000000000000e+02
5.484519999999999982e+02	9.000000000000000000e+01	4.443722163532129343e+01	8.719879336349970345e+01	5.400000000000000000e+02
5.514279999999999973e+02	8.600000000000000000e+01	4.043101120015014516e+01	8.680180995475159023e+01	5.160000000000000000e+02
5.544039999999999964e+02	8.933333333333332860e+01	4.405552052681807851e+01	8.671885369532473931e+01	5.360000000000000000e+02
5.573809999999999718e+02	8.533333333333332860e+01	3.486481830664768466e+01	8.637073906485717600e+01	5.120000000000000000e+02
5.603550000000000182e+02	8.200000000000000000e+01	3.773592452822641263e+01	8.651644042232322818e+01	4.920000000000000000e+02
5.633279999999999745e+02	8.766666666666667140e+01	4.456331326201956244e+01	8.623650075414826688e+01	5.260000000000000000e+02
5.662999999999999545e+02	8.666666666666667140e+01	4.296768811819205069e+01	8.614479638009095197e+01	5.200000000000000000e+02
5.692709999999999582e+02	8.733333333333332860e+01	4.394946593026535453e+01	8.571794871794918436e+01	5.240000000000000000e+02
5.722409999999999854e+02	8.566666666666667140e+01	4.391532256007640456e+01	8.549502262443485279e+01	5.140000000000000000e+02
5.752100000000000364e+02	8.833333333333332860e+01	4.450343307606229359e+01	8.609683257918598542e+01	5.300000000000000000e+02
5.781779999999999973e+02	8.600000000000000000e+01	4.378736499646139890e+01	8.613363499245897970e+01	5.160000000000000000e+02
5.811459999999999582e+02	8.200000000000000000e+01	4.366539438350083913e+01	8.711764705882399085e+01	4.920000000000000000e+02
5.841119999999999663e+02	8.966666666666667140e+01	4.866780820578994593e+01	8.791704374057360383e+01	5.380000000000000000e+02
5.870769999999999982e+02	8.633333333333332860e+01	4.167199965871034806e+01	8.845490196078478107e+01	5.180000000000000000e+02
5.900410000000000537e+02	8.933333333333332860e+01	3.952495695408436660e+01	8.920844645550575081e+01	5.360000000000000000e+02
5.930049999999999955e+02	9.600000000000000000e+01	4.893533147600684430e+01	9.085761689291149423e+01	5.760000000000000000e+02
5.959650000000000318e+02	8.766666666666667140e+01	3.774328490679575054e+01	9.269381598793412991e+01	5.260000000000000000e+02
5.989260000000000446e+02	1.013333333333333286e+02	5.333749983725230237e+01	9.512911010558120495e+01	6.080000000000000000e+02
6.018869999999999436e+02	9.400000000000000000e+01	4.372642221815089414e+01	9.759366515837155021e+01	5.640000000000000000e+02
6.048440000000000509e+02	9.200000000000000000e+01	4.284857057125709900e+01	9.899939668175014162e+01	5.520000000000000000e+02
6.078020000000000209e+02	1.023333333333333286e+02	4.648177659637759973e+01	1.008745098039220949e+02	6.140000000000000000e+02
6.107580000000000382e+02	1.063333333333333286e+02	4.307229065445930161e+01	1.018256410256415734e+02	6.380000000000000000e+02
6.137140000000000555e+02	1.043333333333333286e+02	4.194308312728360022e+01	1.020901960784319016e+02	6.260000000000000000e+02
6.166680000000000064e+02	1.043333333333333286e+02	4.159193297851025051e+01	1.025309200603323632e+02	6.260000000000000000e+02
6.196230000000000473e+02	1.030000000000000000e+02	4.634292466673490196e+01	1.018974358974364378e+02	6.180000000000000000e+02
6.225739999999999554e+02	9.933333333333332860e+01	4.868492808069271405e+01	1.022452488687788161e+02	5.960000000000000000e+02
6.255249999999999773e+02	1.003333333333333286e+02	3.761943941929786206e+01	1.003321266968331145e+02	6.020000000000000000e+02
6.284769999999999754e+02	9.733333333333332860e+01	4.175590443943892893e+01	9.848868778280595393e+01	5.840000000000000000e+02
6.314260000000000446e+02	9.600000000000000000e+01	4.392417709341101784e+01	9.705188536953293976e+01	5.760000000000000000e+02
6.343730000000000473e+02	9.800000000000000000e+01	4.653314231097373010e+01	9.714720965309253131e+01	5.880000000000000000e+02
6.373200000000000500e+02	9.866666666666667140e+01	4.432706722634477359e+01	9.651523378582254509e+01	5.920000000000000000e+02
6.402659999999999627e+02	9.433333333333332860e+01	4.361065109453066668e+01	9.615927601810007275e+01	5.660000000000000000e+02
6.432110000000000127e+02	9.100000000000000000e+01	4.330896750866576639e+01	9.655686274509857014e+01	5.460000000000000000e+02
6.461549999999999727e+02	1.036666666666666714e+02	4.656775231375845436e+01	9.753453996983461138e+01	6.220000000000000000e+02
6.490979999999999563e+02	9.766666666666667140e+01	3.835651472986332067e+01	9.875535444947263386e+01	5.860000000000000000e+02
6.520399999999999636e+02	1.026666666666666714e+02	4.523518787649965844e+01	1.001502262443444380e+02	6.160000000000000000e+02
6.549809999999999945e+02	9.400000000000000000e+01	3.734523619776244630e+01	1.010199095022629763e+02	5.640000000000000000e+02
6.579210000000000491e+02	1.026666666666666714e+02	3.959236739013665130e+01	1.030564102564108140e+02	6.160000000000000000e+02
6.608609999999999900e+02	1.076666666666666714e+02	4.498024257629366929e+01	1.042636500754153417e+02	6.460000000000000000e+02
6.637989999999999782e+02	1.076666666666666714e+02	4.421789481897823748e+01	1.049276018099553198e+02	6.460000000000000000e+02
6.667359999999999900e+02	1.036666666666666714e+02	4.432330713694044277e+01	1.042196078431378083e+02	6.220000000000000000e+02
6.696710000000000491e+02	1.056666666666666714e+02	4.280835847770334368e+01	1.045450980392162563e+02	6.340000000000000000e+02
6.726059999999999945e+02	1.030000000000000000e+02	4.315476026272574472e+01	1.035273001508301292e+02	6.180000000000000000e+02
6.755399999999999636e+02	1.073333333333333286e+02	4.309163362984616441e+01	1.027873303167426400e+02	6.440000000000000000e+02
6.784719999999999800e+02	9.566666666666667140e+01	3.980647630167176487e+01	1.012051282051287586e+02	5.740000000000000000e+02
6.814039999999999964e+02	1.006666666666666714e+02	4.662855586678856668e+01	1.003849170437410976e+02	6.040000000000000000e+02
6.843339999999999463e+02	9.700000000000000000e+01	4.399621195815233676e+01	9.938883861236855921e+01	5.820000000000000000e+02
6.872649999999999864e+02	9.900000000000000000e+01	4.900000000000000000e+01	9.907239819004577441e+01	5.940000000000000000e+02
6.901920000000000073e+02	9.600000000000000000e+01	4.410593308539490920e+01	9.812036199095075517e+01	5.760000000000000000e+02
6.931190000000000282e+02	1.003333333333333286e+02	4.053667749362572437e+01	9.797013574660684299e+01	6.020000000000000000e+02
6.960470000000000255e+02	1.013333333333333286e+02	4.777260953959100931e+01	9.680995475113172688e+01	6.080000000000000000e+02
6.989719999999999800e+02	9.733333333333332860e+01	4.968791491790422299e+01	9.695897435897485650e+01	5.840000000000000000e+02
7.018959999999999582e+02	9.200000000000000000e+01	4.877157642179168562e+01	9.551825037707442334e+01	5.520000000000000000e+02
7.048189999999999600e+02	9.733333333333332860e+01	4.647101844758252298e+01	9.498733031674257177e+01	5.840000000000000000e+02
7.077430000000000518e+02	9.200000000000000000e+01	4.532843110749220017e+01	9.387752639517395892e+01	5.520000000000000000e+02
7.106639999999999873e+02	9.433333333333332860e+01	4.456331326201956244e+01	9.336621417797938705e+01	5.660000000000000000e+02
7.135839999999999463e+02	8.766666666666667140e+01	4.373277438667201267e+01	9.240995475113172120e+01	5.260000000000000000e+02
7.165030000000000427e+02	9.533333333333332860e+01	4.080304999493161233e+01	9.176229260935193111e+01	5.720000000000000000e+02
7.194210000000000491e+02	8.966666666666667140e+01	4.241723968178766313e+01	9.186907993966866570e+01	5.380000000000000000e+02
7.223390000000000555e+02	9.466666666666667140e+01	5.239168721170266707e+01	9.173453996983458580e+01	5.680000000000000000e+02
7.252549999999999955e+02	9.066666666666667140e+01	3.795904225463135617e+01	9.111040723981949441e+01	5.440000000000000000e+02
7.281689999999999827e+02	9.300000000000000000e+01	4.303099657998483707e+01	9.066214177978932298e+01	5.580000000000000000e+02
7.310829999999999700e+02	8.900000000000000000e+01	4.547160286010013408e+01	9.041870286576217097e+01	5.340000000000000000e+02
7.339969999999999573e+02	8.933333333333332860e+01	4.378228967161138740e+01	9.069924585218751645e+01	5.360000000000000000e+02
7.369089999999999918e+02	9.166666666666667140e+01	4.439844842133813074e+01	9.040935143288133702e+01	5.500000000000000000e+02
7.398189999999999600e+02	8.866666666666667140e+01	4.181971890016584581e+01	9.095354449472145575e+01	5.320000000000000000e+02
7.427300000000000182e+02	8.966666666666667140e+01	4.310323524851573040e+01	9.090588235294165997e+01	5.380000000000000000e+02
7.456390000000000100e+02	8.966666666666667140e+01	4.130240778561086046e+01	9.112699849170486743e+01	5.380000000000000000e+02
7.485460000000000491e+02	9.633333333333332860e+01	4.603501083112962533e+01	9.162745098039265201e+01	5.780000000000000000e+02
7.514539999999999509e+02	9.333333333333332860e+01	4.901247006856747390e+01	9.254871794871843349e+01	5.600000000000000000e+02
7.543590000000000373e+02	9.266666666666667140e+01	4.449219656923622068e+01	9.265399698340922896e+01	5.560000000000000000e+02
7.572630000000000337e+02	9.166666666666667140e+01	4.334999679610393741e+01	9.264343891402764086e+01	5.500000000000000000e+02
7.601680000000000064e+02	9.100000000000000000e+01	4.467288513927287141e+01	9.268476621417846673e+01	5.460000000000000000e+02
7.630700000000000500e+02	9.166666666666667140e+01	4.659637563397203053e+01	9.233333333333381177e+01	5.500000000000000000e+02
7.659719999999999800e+02	9.600000000000000000e+01	5.018631951704235661e+01	9.205037707390698642e+01	5.760000000000000000e+02
7.688740000000000236e+02	9.133333333333332860e+01	4.545571715661542811e+01	9.129713423831120167e+01	5.480000000000000000e+02
7.717730000000000246e+02	8.866666666666667140e+01	4.189935029992178528e+01	9.100935143288133133e+01	5.320000000000000000e+02
7.746720000000000255e+02	9.133333333333332860e+01	4.114473099789192645e+01	9.138521870286625415e+01	5.480000000000000000e+02
7.775689999999999600e+02	9.100000000000000000e+01	4.352393977265079172e+01	9.147662141779836986e+01	5.460000000000000000e+02
7.804660000000000082e+02	9.200000000000000000e+01	4.140853374205209292e+01	9.168959276018148330e+01	5.520000000000000000e+02
7.833619999999999663e+02	9.200000000000000000e+01	4.315862215903870691e+01	9.173815987933683402e+01	5.520000000000000000e+02
7.862559999999999718e+02	9.000000000000000000e+01	4.470644994479729917e+01	9.178190045248918238e+01	5.400000000000000000e+02
7.891499999999999773e+02	9.266666666666667140e+01	4.770278351999550637e+01	9.269291101055856075e+01	5.560000000000000000e+02
7.920430000000000064e+02	9.733333333333332860e+01	4.260933648339945279e+01	9.306153846153895870e+01	5.840000000000000000e+02
7.949349999999999454e+02	9.100000000000000000e+01	4.245389656242797116e+01	9.299668174962341993e+01	5.460000000000000000e+02
7.978239999999999554e+02	9.400000000000000000e+01	4.781910357447812743e+01	9.346907993966867423e+01	5.640000000000000000e+02
8.007140000000000555e+02	9.266666666666667140e+01	4.104739807696571319e+01	9.368717948717997501e+01	5.560000000000000000e+02
8.036029999999999518e+02	9.366666666666667140e+01	4.460817065167421447e+01	9.395444947209702491e+01	5.620000000000000000e+02
8.064890000000000327e+02	9.500000000000000000e+01	4.547160286010013408e+01	9.399457013574709663e+01	5.700000000000000000e+02
8.093769999999999527e+02	9.266666666666667140e+01	4.635610950984658274e+01	9.408355957767773248e+01	5.560000000000000000e+02
8.122630000000000337e+02	9.500000000000000000e+01	4.867237409455182728e+01	9.444917043740625218e+01	5.700000000000000000e+02
8.151459999999999582e+02	9.700000000000000000e+01	4.746577714522327085e+01	9.566666666666716878e+01	5.820000000000000000e+02
8.180289999999999964e+02	9.400000000000000000e+01	3.885013942488924243e+01	9.641779788838664444e+01	5.640000000000000000e+02
8.209130000000000109e+02	9.566666666666667140e+01	4.785278350199588004e+01	9.635233785822072150e+01	5.740000000000000000e+02
8.237930000000000064e+02	9.633333333333332860e+01	4.623731057153831614e+01	9.661478129713474061e+01	5.780000000000000000e+02
8.266749999999999545e+02	1.000000000000000000e+02	4.868949236402723812e+01	9.685460030165964440e+01	6.000000000000000000e+02
8.295539999999999736e+02	9.833333333333332860e+01	4.056955618304061062e+01	9.714901960784365542e+01	5.900000000000000000e+02
8.324320000000000164e+02	9.800000000000000000e+01	5.192301994298868095e+01	9.650135746606385112e+01	5.880000000000000000e+02
8.353089999999999691e+02	9.500000000000000000e+01	3.930648801406709225e+01	9.662745098039266622e+01	5.700000000000000000e+02
8.381849999999999454e+02	9.100000000000000000e+01	3.889730067755344578e+01	9.676470588235343939e+01	5.460000000000000000e+02
8.410599999999999454e+02	1.003333333333333286e+02	4.685319863384166439e+01	9.674630467571694226e+01	6.020000000000000000e+02
8.439339999999999691e+02	9.600000000000000000e+01	4.822171018673366660e+01	9.610859728506838451e+01	5.760000000000000000e+02
8.468079999999999927e+02	9.533333333333332860e+01	4.716872787015660862e+01	9.536742081448014119e+01	5.720000000000000000e+02
8.496799999999999500e+02	9.433333333333332860e+01	4.112447230326758074e+01	9.570196078431425235e+01	5.660000000000000000e+02
8.525510000000000446e+02	1.006666666666666714e+02	5.030131431903367201e+01	9.577375565610910257e+01	6.040000000000000000e+02
8.554220000000000255e+02	9.466666666666667140e+01	4.508756911709577508e+01	9.594841628959326840e+01	5.680000000000000000e+02
8.582920000000000300e+02	9.533333333333332860e+01	4.582090740650555460e+01	9.598250377073958362e+01	5.720000000000000000e+02
8.611599999999999682e+02	9.133333333333332860e+01	4.461190673152428587e+01	9.571191553544545627e+01	5.480000000000000000e+02
8.640259999999999536e+02	9.666666666666667140e+01	4.309163362984616441e+01	9.569834087481196150e+01	5.800000000000000000e+02
8.668930000000000291e+02	9.933333333333332860e+01	4.899886620003455562e+01	9.590437405731573506e+01	5.960000000000000000e+02
8.697590000000000146e+02	9.400000000000000000e+01	4.386342439892261780e+01	9.532730015083008368e+01	5.640000000000000000e+02
8.726219999999999573e+02	9.633333333333332860e+01	4.305681001756735782e+01	9.520150829562645356e+01	5.780000000000000000e+02
8.754859999999999900e+02	9.700000000000000000e+01	5.036864103785211455e+01	9.634720965309251994e+01	5.820000000000000000e+02
8.783469999999999800e+02	9.633333333333332860e+01	4.928037698268506261e+01	9.667028657616944542e+01	5.780000000000000000e+02
8.812100000000000364e+02	9.233333333333332860e+01	4.096204204979152053e+01	9.714268476621469972e+01	5.540000000000000000e+02
8.840689999999999600e+02	9.866666666666667140e+01	5.090732320163333213e+01	9.683891402714982632e+01	5.920000000000000000e+02
8.869279999999999973e+02	9.400000000000000000e+01	4.472135954999579610e+01	9.698039215686327452e+01	5.640000000000000000e+02
8.897870000000000346e+02	1.023333333333333286e+02	4.795020565359675402e+01	9.662745098039266622e+01	6.140000000000000000e+02
8.926440000000000055e+02	9.900000000000000000e+01	4.902720333311565071e+01	9.622926093514379886e+01	5.940000000000000000e+02
8.955000000000000000e+02	9.366666666666667140e+01	4.301033467538806576e+01	9.549472096530971044e+01	5.620000000000000000e+02
8.983550000000000182e+02	9.566666666666667140e+01	4.439844842133813074e+01	9.492036199095073812e+01	5.740000000000000000e+02
9.012079999999999700e+02	9.300000000000000000e+01	4.270441038893601871e+01	9.422322775264001393e+01	5.580000000000000000e+02
9.040620000000000118e+02	9.266666666666667140e+01	4.708384955469220046e+01	9.319004524886928209e+01	5.560000000000000000e+02
9.069139999999999873e+02	8.900000000000000000e+01	4.026164427839479032e+01	9.298099547511363028e+01	5.340000000000000000e+02
9.097649999999999864e+02	9.600000000000000000e+01	4.421161235090467301e+01	9.246787330316792008e+01	5.760000000000000000e+02
9.126150000000000091e+02	9.066666666666667140e+01	4.428192508110830516e+01	9.314298642533987049e+01	5.440000000000000000e+02
9.154650000000000318e+02	9.466666666666667140e+01	4.480575359879080821e+01	9.412911010558120495e+01	5.680000000000000000e+02
9.183129999999999882e+02	9.466666666666667140e+01	4.879435304304063692e+01	9.486334841629009418e+01	5.680000000000000000e+02
9.211589999999999918e+02	9.700000000000000000e+01	4.614108798023730884e+01	9.586968325791907830e+01	5.820000000000000000e+02
9.240049999999999955e+02	9.733333333333332860e+01	4.622649552895924785e+01	9.649411764705934047e+01	5.840000000000000000e+02
9.268509999999999991e+02	9.733333333333332860e+01	4.304519588628780724e+01	9.705399698340926307e+01	5.840000000000000000e+02
9.296939999999999600e+02	9.800000000000000000e+01	4.853864439804638664e+01	9.738280542986476007e+01	5.880000000000000000e+02
9.325380000000000109e+02	9.866666666666667140e+01	4.913473539383541322e+01	9.875625942684817460e+01	5.920000000000000000e+02
9.353790000000000191e+02	9.800000000000000000e+01	4.644710252893428049e+01	9.895505279034742330e+01	5.880000000000000000e+02
9.382210000000000036e+02	9.766666666666667140e+01	4.244866180327583294e+01	9.960211161387684342e+01	5.860000000000000000e+02
9.410610000000000355e+02	9.833333333333332860e+01	4.797800421952636185e+01	9.975867269984971131e+01	5.900000000000000000e+02
9.438990000000000009e+02	1.013333333333333286e+02	5.188020388891658286e+01	1.001137254901966003e+02	6.080000000000000000e+02
9.467390000000000327e+02	1.036666666666666714e+02	4.929390316143457085e+01	1.001107088989447362e+02	6.220000000000000000e+02
9.495750000000000455e+02	1.023333333333333286e+02	5.347169552410155546e+01	1.001659125188542134e+02	6.140000000000000000e+02
9.524109999999999445e+02	9.733333333333332860e+01	4.645667037382492026e+01	1.003773755656113877e+02	5.840000000000000000e+02
9.552459999999999809e+02	1.013333333333333286e+02	4.691363222869114935e+01	1.006286576168934346e+02	6.080000000000000000e+02
9.580789999999999509e+02	9.800000000000000000e+01	4.557777236036589841e+01	1.005819004524892080e+02	5.880000000000000000e+02
9.609120000000000346e+02	1.003333333333333286e+02	4.743299367411769651e+01	1.002042232277531610e+02	6.020000000000000000e+02
9.637450000000000045e+02	9.900000000000000000e+01	4.438843693275686064e+01	1.000174962292614680e+02	5.940000000000000000e+02
9.665760000000000218e+02	1.023333333333333286e+02	5.222281323542635789e+01	1.002368024132735229e+02	6.140000000000000000e+02
9.694059999999999491e+02	1.020000000000000000e+02	4.686149805543992386e+01	1.008084464555058162e+02	6.120000000000000000e+02
9.722350000000000136e+02	1.006666666666666714e+02	5.329998957681782912e+01	1.017266968325797194e+02	6.040000000000000000e+02
9.750639999999999645e+02	1.000000000000000000e+02	4.779121258139408468e+01	1.016669683257923964e+02	6.000000000000000000e+02
9.778909999999999627e+02	1.013333333333333286e+02	5.142848324507431101e+01	1.019653092006038548e+02	6.080000000000000000e+02
9.807160000000000082e+02	1.040000000000000000e+02	5.193585787616618887e+01	1.016769230769236145e+02	6.240000000000000000e+02
9.835420000000000300e+02	1.026666666666666714e+02	5.656461398750597169e+01	1.012959276018105044e+02	6.160000000000000000e+02
9.863650000000000091e+02	1.016666666666666714e+02	4.843437713947490408e+01	1.010736048265465570e+02	6.100000000000000000e+02
9.891889999999999645e+02	1.020000000000000000e+02	5.148462553682085741e+01	1.010817496229266368e+02	6.120000000000000000e+02
9.920099999999999909e+02	9.800000000000000000e+01	4.795831523312719469e+01	1.014229260935148744e+02	5.880000000000000000e+02
9.948319999999999936e+02	1.010000000000000000e+02	4.296898105998480588e+01	1.015861236802418688e+02	6.060000000000000000e+02
9.976520000000000437e+02	1.003333333333333286e+02	4.876360209099496501e+01	1.020781297134243886e+02	6.020000000000000000e+02
1.000470000000000027e+03	1.020000000000000000e+02	4.338970692072794577e+01	1.023644042232282914e+02	6.120000000000000000e+02
1.003289999999999964e+03	1.056666666666666714e+02	4.826892259921375938e+01	1.028413273001513772e+02	6.340000000000000000e+02
1.006110000000000014e+03	1.036666666666666714e+02	5.119136211857968277e+01	1.035357466063354082e+02	6.220000000000000000e+02
1.008919999999999959e+03	1.060000000000000000e+02	4.706024507656825051e+01	1.045912518853700846e+02	6.360000000000000000e+02
1.011740000000000009e+03	1.046666666666666714e+02	5.051292463870564120e+01	1.053143288084470157e+02	6.280000000000000000e+02
1.014549999999999955e+03	1.066666666666666714e+02	4.976835228223744423e+01	1.054467571644047865e+02	6.400000000000000000e+02
1.017360000000000014e+03	1.026666666666666714e+02	4.555826550205303249e+01	1.056684766214183639e+02	6.160000000000000000e+02
1.020179999999999950e+03	1.053333333333333286e+02	5.089422582397950379e+01	1.058119155354455074e+02	6.320000000000000000e+02
1.022990000000000009e+03	1.083333333333333286e+02	5.486245427329048141e+01	1.060443438914032868e+02	6.500000000000000000e+02
1.025799999999999955e+03	1.080000000000000000e+02	4.573838650411708784e+01	1.069657616892916678e+02	6.480000000000000000e+02
1.028609999999999900e+03	1.040000000000000000e+02	4.633213427705081244e+01	1.068717948717954442e+02	6.240000000000000000e+02
1.031420000000000073e+03	1.073333333333333286e+02	5.107728349167454240e+01	1.074447963800910628e+02	6.440000000000000000e+02
1.034220000000000027e+03	1.086666666666666714e+02	4.816176445641869464e+01	1.081825037707396433e+02	6.520000000000000000e+02
1.037029999999999973e+03	1.101666666666666714e+02	4.652747097742961557e+01	1.089570135746612181e+02	6.610000000000000000e+02
1.039839999999999918e+03	1.100000000000000000e+02	4.683303677248928665e+01	1.095948717948723754e+02	6.600000000000000000e+02
1.042640000000000100e+03	1.100000000000000000e+02	5.351635264103860834e+01	1.102472096530925967e+02	6.600000000000000000e+02
1.045440000000000055e+03	1.060000000000000000e+02	4.601449047129973025e+01	1.110666666666672597e+02	6.360000000000000000e+02
1.048240000000000009e+03	1.146666666666666714e+02	5.077619739821230382e+01	1.109138763197592681e+02	6.880000000000000000e+02
1.051049999999999955e+03	1.130000000000000000e+02	4.332435804486893716e+01	1.110763197586732929e+02	6.780000000000000000e+02
1.053849999999999909e+03	1.110000000000000000e+02	4.988987873306568588e+01	1.111576168929115909e+02	6.660000000000000000e+02
1.056650000000000091e+03	1.133333333333333286e+02	4.847909056719424825e+01	1.112358974358980390e+02	6.800000000000000000e+02
1.059440000000000055e+03	1.096666666666666714e+02	4.963085957569364837e+01	1.113134238310714892e+02	6.580000000000000000e+02
1.062240000000000009e+03	1.086666666666666714e+02	4.924316083365170016e+01	1.111547511312223122e+02	6.520000000000000000e+02
1.065039999999999964e+03	1.073333333333333286e+02	4.814792022738076582e+01	1.109164404223233760e+02	6.440000000000000000e+02
1.067829999999999927e+03	1.173333333333333286e+02	4.358389100981640496e+01	1.105182503770744944e+02	7.040000000000000000e+02
1.070630000000000109e+03	1.100000000000000000e+02	4.475116385823576337e+01	1.115146304675722320e+02	6.600000000000000000e+02
1.073420000000000073e+03	1.110000000000000000e+02	4.867237409455182728e+01	1.115209653092012019e+02	6.660000000000000000e+02
1.076210000000000036e+03	1.106666666666666714e+02	4.835516748210289961e+01	1.120066365007547518e+02	6.640000000000000000e+02
1.079009999999999991e+03	1.113333333333333286e+02	5.182877793487149631e+01	1.127981900452494699e+02	6.680000000000000000e+02
1.081789999999999964e+03	1.140000000000000000e+02	5.118593556827890723e+01	1.128567119155360388e+02	6.840000000000000000e+02
1.084579999999999927e+03	1.166666666666666714e+02	4.847909056719424825e+01	1.128823529411770750e+02	7.000000000000000000e+02
1.087369999999999891e+03	1.143333333333333286e+02	4.817214501717310071e+01	1.130621417797894424e+02	6.860000000000000000e+02
1.090160000000000082e+03	1.076666666666666714e+02	4.591901082945445722e+01	1.139794871794877906e+02	6.460000000000000000e+02
1.092950000000000045e+03	1.173333333333333286e+02	5.119461777266131008e+01	1.141330316742087518e+02	7.040000000000000000e+02
1.095730000000000018e+03	1.126666666666666714e+02	4.685675570881487317e+01	1.141644042232283596e+02	6.760000000000000000e+02
1.098519999999999982e+03	1.123333333333333286e+02	4.907703694759450030e+01	1.137061840120669842e+02	6.740000000000000000e+02
1.101299999999999955e+03	1.170000000000000000e+02	5.071160288007732220e+01	1.139291101055812874e+02	7.020000000000000000e+02
1.104079999999999927e+03	1.170000000000000000e+02	5.077729151238114014e+01	1.142337858220217299e+02	7.020000000000000000e+02
1.106869999999999891e+03	1.116666666666666714e+02	5.624253036823843388e+01	1.147061840120669700e+02	6.700000000000000000e+02
1.109650000000000091e+03	1.133333333333333286e+02	5.004886501099589680e+01	1.150708898944199206e+02	6.800000000000000000e+02
1.112430000000000064e+03	1.140000000000000000e+02	4.739901546094250051e+01	1.146877828054304729e+02	6.840000000000000000e+02
1.115210000000000036e+03	1.150000000000000000e+02	4.292241061885193432e+01	1.154805429864259594e+02	6.900000000000000000e+02
1.117980000000000018e+03	1.200000000000000000e+02	5.967690787342566239e+01	1.152150829562600336e+02	7.200000000000000000e+02
1.120759999999999991e+03	1.136666666666666714e+02	4.936147845795905198e+01	1.150081447963807051e+02	6.820000000000000000e+02
1.123539999999999964e+03	1.140000000000000000e+02	4.928826770473206409e+01	1.156380090497743822e+02	6.840000000000000000e+02
1.126309999999999945e+03	1.160000000000000000e+02	5.115988011453245576e+01	1.161067873303173741e+02	6.960000000000000000e+02
1.129079999999999927e+03	1.166666666666666714e+02	4.956701412117627825e+01	1.158066365007547773e+02	7.000000000000000000e+02
1.131859999999999900e+03	1.160000000000000000e+02	5.078057371344544180e+01	1.153279034690805531e+02	6.960000000000000000e+02
1.134630000000000109e+03	1.120000000000000000e+02	4.998666488841465849e+01	1.148177978883867354e+02	6.720000000000000000e+02
1.137400000000000091e+03	1.176666666666666714e+02	5.158057343182174748e+01	1.143146304675722575e+02	7.060000000000000000e+02
1.140170000000000073e+03	1.163333333333333286e+02	5.073350854109035879e+01	1.148117647058829789e+02	6.980000000000000000e+02
1.142940000000000055e+03	1.116666666666666714e+02	5.068091904805550740e+01	1.142745098039221716e+02	6.700000000000000000e+02
1.145710000000000036e+03	1.126666666666666714e+02	5.039400317057135226e+01	1.139387631975873205e+02	6.760000000000000000e+02
1.148470000000000027e+03	1.133333333333333286e+02	4.420658573360107368e+01	1.134947209653098241e+02	6.800000000000000000e+02
1.151240000000000009e+03	1.146666666666666714e+02	4.912116538610305838e+01	1.136301659125194590e+02	6.880000000000000000e+02
1.154000000000000000e+03	1.146666666666666714e+02	4.912116538610305838e+01	1.138983408748120780e+02	6.880000000000000000e+02
1.156769999999999982e+03	1.153333333333333286e+02	4.986203187017375171e+01	1.138862745098045366e+02	6.920000000000000000e+02
1.159529999999999973e+03	1.113333333333333286e+02	4.612543284951974698e+01	1.147408748114636694e+02	6.680000000000000000e+02
1.162289999999999964e+03	1.160000000000000000e+02	5.381449618829483938e+01	1.154371040723987960e+02	6.960000000000000000e+02
1.165049999999999955e+03	1.143333333333333286e+02	5.385680602816654527e+01	1.159825037707396973e+02	6.860000000000000000e+02
1.167809999999999945e+03	1.190000000000000000e+02	4.933896364267629764e+01	1.163761689291107189e+02	7.140000000000000000e+02
1.170569999999999936e+03	1.173333333333333286e+02	5.129868960856168769e+01	1.168941176470594456e+02	7.040000000000000000e+02
1.173329999999999927e+03	1.183333333333333286e+02	4.891375630183757295e+01	1.180012066365013794e+02	7.100000000000000000e+02
1.176089999999999918e+03	1.186666666666666714e+02	5.153208277913435609e+01	1.189101055806944487e+02	7.120000000000000000e+02
1.178849999999999909e+03	1.173333333333333286e+02	4.925669723217566798e+01	1.195815987933641367e+02	7.040000000000000000e+02
1.181599999999999909e+03	1.210000000000000000e+02	5.175261668102718460e+01	1.202144796380097063e+02	7.260000000000000000e+02
1.184359999999999900e+03	1.196666666666666714e+02	4.956365155590894744e+01	1.202205128205134770e+02	7.180000000000000000e+02
1.187109999999999900e+03	1.226666666666666714e+02	5.813394495091103664e+01	1.206799396681756065e+02	7.360000000000000000e+02
1.189859999999999900e+03	1.236666666666666714e+02	5.262973388578826217e+01	1.212247360482661236e+02	7.420000000000000000e+02
1.192609999999999900e+03	1.196666666666666714e+02	5.362109866668364333e+01	1.223514328808453087e+02	7.180000000000000000e+02
1.195359999999999900e+03	1.210000000000000000e+02	4.880915214724932838e+01	1.227773755656115213e+02	7.260000000000000000e+02
1.198109999999999900e+03	1.246666666666666714e+02	5.644663162866515904e+01	1.230648567119161925e+02	7.480000000000000000e+02
1.200859999999999900e+03	1.193333333333333286e+02	5.234076380370805737e+01	1.234126696832585850e+02	7.160000000000000000e+02
1.203609999999999900e+03	1.293333333333333428e+02	4.976835228223744423e+01	1.240883861236808912e+02	7.760000000000000000e+02
1.206359999999999900e+03	1.240000000000000000e+02	5.249761899362675166e+01	1.246654600301665852e+02	7.440000000000000000e+02
1.209099999999999909e+03	1.283333333333333428e+02	4.903626775719737907e+01	1.251659125188543698e+02	7.700000000000000000e+02
1.211849999999999909e+03	1.206666666666666714e+02	4.867123266251727642e+01	1.266365007541484999e+02	7.240000000000000000e+02
1.214589999999999918e+03	1.270000000000000000e+02	5.830666056864058078e+01	1.275306184012073061e+02	7.620000000000000000e+02
1.217329999999999927e+03	1.300000000000000000e+02	6.156839015815393878e+01	1.280220211161394559e+02	7.800000000000000000e+02
1.220069999999999936e+03	1.286666666666666572e+02	5.234076380370806447e+01	1.285843137254908868e+02	7.720000000000000000e+02
1.222819999999999936e+03	1.293333333333333428e+02	5.228979080300687343e+01	1.288196078431379306e+02	7.760000000000000000e+02
1.225559999999999945e+03	1.293333333333333428e+02	4.571894817493313923e+01	1.300226244343898259e+02	7.760000000000000000e+02
1.228289999999999964e+03	1.350000000000000000e+02	5.653022790212919801e+01	1.305345399698347819e+02	8.100000000000000000e+02
1.231029999999999973e+03	1.286666666666666572e+02	4.876701982100426136e+01	1.310211161387638867e+02	7.720000000000000000e+02
1.233769999999999982e+03	1.286666666666666572e+02	5.255684752933933623e+01	1.310371040723989040e+02	7.720000000000000000e+02
1.236500000000000000e+03	1.316666666666666572e+02	4.839306653735521024e+01	1.314723981900459364e+02	7.900000000000000000e+02
1.239240000000000009e+03	1.353333333333333428e+02	5.351220006274790109e+01	1.317628959276025284e+02	8.120000000000000000e+02
1.241970000000000027e+03	1.326666666666666572e+02	5.388465046333283226e+01	1.333052790346915231e+02	7.960000000000000000e+02
1.244710000000000036e+03	1.323333333333333428e+02	4.972479819522202860e+01	1.349251885369539536e+02	7.940000000000000000e+02
1.247440000000000055e+03	1.343333333333333428e+02	5.511704717135061316e+01	1.373644042232284903e+02	8.060000000000000000e+02
1.250170000000000073e+03	1.413333333333333428e+02	5.400822982554500840e+01	1.399453996983416459e+02	8.480000000000000000e+02
1.252900000000000091e+03	1.403333333333333428e+02	5.676168504271952031e+01	1.421846153846161656e+02	8.420000000000000000e+02
1.255630000000000109e+03	1.433333333333333428e+02	5.268354160034758848e+01	1.444066365007549280e+02	8.600000000000000000e+02
1.258359999999999900e+03	1.546666666666666572e+02	5.172577264338886494e+01	1.462748114630475413e+02	9.280000000000000000e+02
1.261089999999999918e+03	1.483333333333333428e+02	5.315909036927634190e+01	1.489749622926101438e+02	8.900000000000000000e+02
1.263809999999999945e+03	1.526666666666666572e+02	5.145440268388658467e+01	1.506241327300159014e+02	9.160000000000000000e+02
1.266539999999999964e+03	1.470000000000000000e+02	5.191980996369946411e+01	1.516488687782813543e+02	8.820000000000000000e+02
1.269259999999999991e+03	1.543333333333333428e+02	5.495958110789742790e+01	1.527713423831079069e+02	9.260000000000000000e+02
1.271990000000000009e+03	1.550000000000000000e+02	4.312385264174186261e+01	1.553948717948726426e+02	9.300000000000000000e+02
1.274710000000000036e+03	1.546666666666666572e+02	4.949971941559085309e+01	1.578117647058832063e+02	9.280000000000000000e+02
1.277430000000000064e+03	1.613333333333333428e+02	5.142848324507431101e+01	1.598250377073915161e+02	9.680000000000000000e+02
1.280150000000000091e+03	1.580000000000000000e+02	4.588391148685270338e+01	1.626714932126705548e+02	9.480000000000000000e+02
1.282869999999999891e+03	1.663333333333333428e+02	5.552677032046995009e+01	1.652153846153854886e+02	9.980000000000000000e+02
1.285589999999999918e+03	1.743333333333333428e+02	5.134740066990300278e+01	1.686696832579194449e+02	1.046000000000000000e+03
1.288309999999999945e+03	1.786666666666666572e+02	5.588877844035916809e+01	1.725257918552045453e+02	1.072000000000000000e+03
1.291019999999999982e+03	1.733333333333333428e+02	5.098583681333037987e+01	1.764352941176479987e+02	1.040000000000000000e+03
1.293740000000000009e+03	1.740000000000000000e+02	4.430199393556306831e+01	1.803242835595786460e+02	1.044000000000000000e+03
1.296450000000000045e+03	1.806666666666666572e+02	4.945929864264375198e+01	1.846594268476631271e+02	1.084000000000000000e+03
1.299170000000000073e+03	1.906666666666666572e+02	5.234076380370805737e+01	1.898401206636510778e+02	1.144000000000000000e+03
1.301880000000000109e+03	1.980000000000000000e+02	5.350389393928881532e+01	1.947704374057325367e+02	1.188000000000000000e+03
1.304589999999999918e+03	2.036666666666666572e+02	5.715962055701754707e+01	2.003007541478140183e+02	1.222000000000000000e+03
1.307309999999999945e+03	2.000000000000000000e+02	5.067543783727970919e+01	2.064754147812982410e+02	1.200000000000000000e+03
1.310019999999999982e+03	2.110000000000000000e+02	5.918051481132395253e+01	2.118027149321278273e+02	1.266000000000000000e+03
1.312720000000000027e+03	2.203333333333333428e+02	6.022642461762297472e+01	2.163276018099559224e+02	1.322000000000000000e+03
1.315430000000000064e+03	2.223333333333333428e+02	5.285725010714130434e+01	2.206467571644054146e+02	1.334000000000000000e+03
1.318140000000000100e+03	2.253333333333333428e+02	5.811100488624240512e+01	2.238705882352953154e+02	1.352000000000000000e+03
1.320849999999999909e+03	2.253333333333333428e+02	5.844275451718164760e+01	2.254784313725502329e+02	1.352000000000000000e+03
1.323549999999999955e+03	2.243333333333333428e+02	5.592157206501103417e+01	2.264820512820525096e+02	1.346000000000000000e+03
1.326259999999999991e+03	2.216666666666666572e+02	5.478949615472740220e+01	2.263061840120675754e+02	1.330000000000000000e+03
1.328960000000000036e+03	2.320000000000000000e+02	6.605048574133779482e+01	2.251197586727010673e+02	1.392000000000000000e+03
1.331660000000000082e+03	2.300000000000000000e+02	6.476624635307088340e+01	2.233544494720977127e+02	1.380000000000000000e+03
1.334359999999999900e+03	2.170000000000000000e+02	6.808573027196423766e+01	2.209565610859740445e+02	1.302000000000000000e+03
1.337059999999999945e+03	2.110000000000000000e+02	6.058327602014712454e+01	2.187797888386135128e+02	1.266000000000000000e+03
1.339759999999999991e+03	2.156666666666666572e+02	7.126866227327563763e+01	2.155930618401218055e+02	1.294000000000000000e+03
1.342460000000000036e+03	2.116666666666666572e+02	7.029856960770175078e+01	2.122585218702876944e+02	1.270000000000000000e+03
1.345160000000000082e+03	2.140000000000000000e+02	7.075780286771676231e+01	2.078527903469091029e+02	1.284000000000000000e+03
1.347859999999999900e+03	2.020000000000000000e+02	6.769539619993864221e+01	2.023149321266978973e+02	1.212000000000000000e+03
1.350549999999999955e+03	1.973333333333333428e+02	7.288041956215370476e+01	1.979975867269995433e+02	1.184000000000000000e+03
1.353250000000000000e+03	1.980000000000000000e+02	7.109617898780965106e+01	1.939825037707400952e+02	1.188000000000000000e+03
1.355940000000000055e+03	1.846666666666666572e+02	6.236095644623235756e+01	1.889408748114640275e+02	1.108000000000000000e+03
1.358640000000000100e+03	1.846666666666666572e+02	6.821208755703705151e+01	1.835707390648577189e+02	1.108000000000000000e+03
1.361329999999999927e+03	1.746666666666666572e+02	6.808491430232952268e+01	1.789580693815997279e+02	1.048000000000000000e+03
1.364019999999999982e+03	1.726666666666666572e+02	6.062636023674484420e+01	1.740012066365016494e+02	1.036000000000000000e+03
1.366710000000000036e+03	1.720000000000000000e+02	6.392704174812617168e+01	1.700464555052799369e+02	1.032000000000000000e+03
1.369400000000000091e+03	1.666666666666666572e+02	6.370417743148578182e+01	1.655393665158379690e+02	1.000000000000000000e+03
1.372089999999999918e+03	1.633333333333333428e+02	6.675993475797358201e+01	1.616102564102572501e+02	9.800000000000000000e+02
1.374769999999999982e+03	1.606666666666666572e+02	5.716253629393604285e+01	1.587375565610868193e+02	9.640000000000000000e+02
1.377460000000000036e+03	1.540000000000000000e+02	6.067399223170775713e+01	1.549822021116146971e+02	9.240000000000000000e+02
1.380150000000000091e+03	1.480000000000000000e+02	5.500303021955548388e+01	1.514766214177986967e+02	8.880000000000000000e+02
1.382829999999999927e+03	1.480000000000000000e+02	5.859465277082315282e+01	1.481743589743597624e+02	8.880000000000000000e+02
1.385509999999999991e+03	1.456666666666666572e+02	6.017105247172892746e+01	1.454980392156870437e+02	8.740000000000000000e+02
1.388200000000000045e+03	1.460000000000000000e+02	5.816069692383909739e+01	1.436681749622933921e+02	8.760000000000000000e+02
1.390880000000000109e+03	1.406666666666666572e+02	5.437728283841413912e+01	1.417568627450987719e+02	8.440000000000000000e+02
1.393559999999999945e+03	1.366666666666666572e+02	4.958046210174146751e+01	1.395031674208152310e+02	8.200000000000000000e+02
1.396240000000000009e+03	1.373333333333333428e+02	5.961729801175345500e+01	1.382054298642541141e+02	8.240000000000000000e+02
1.398920000000000073e+03	1.420000000000000000e+02	6.250333324444918048e+01	1.367864253393672129e+02	8.520000000000000000e+02
1.401599999999999909e+03	1.376666666666666572e+02	6.371202572687688814e+01	1.356811463046764175e+02	8.260000000000000000e+02
1.404269999999999982e+03	1.340000000000000000e+02	5.793099343184095318e+01	1.346223227752646778e+02	8.040000000000000000e+02
1.406950000000000045e+03	1.293333333333333428e+02	5.131168374638362195e+01	1.333954751131228704e+02	7.760000000000000000e+02
1.409619999999999891e+03	1.290000000000000000e+02	5.416948710605753803e+01	1.327909502262450587e+02	7.740000000000000000e+02
1.412299999999999955e+03	1.356666666666666572e+02	5.963686406540467999e+01	1.318787330316749262e+02	8.140000000000000000e+02
1.414970000000000027e+03	1.320000000000000000e+02	5.945306271897744921e+01	1.310684766214185117e+02	7.920000000000000000e+02
1.417640000000000100e+03	1.333333333333333428e+02	6.026238922873498893e+01	1.302343891402721852e+02	8.000000000000000000e+02
1.420319999999999936e+03	1.273333333333333286e+02	5.327496806401879326e+01	1.298693815987940638e+02	7.640000000000000000e+02
1.422990000000000009e+03	1.280000000000000000e+02	5.624944444170093050e+01	1.299330316742088485e+02	7.680000000000000000e+02
1.425660000000000082e+03	1.303333333333333428e+02	6.142113280911998174e+01	1.290461538461545388e+02	7.820000000000000000e+02
1.428319999999999936e+03	1.286666666666666572e+02	5.685849882725438675e+01	1.287423831070896938e+02	7.720000000000000000e+02
1.430990000000000009e+03	1.300000000000000000e+02	6.287553843374491436e+01	1.278425339366522451e+02	7.800000000000000000e+02
1.433660000000000082e+03	1.256666666666666714e+02	6.161619556216982119e+01	1.273535444947216320e+02	7.540000000000000000e+02
1.436319999999999936e+03	1.256666666666666714e+02	5.881515299837467836e+01	1.269918552036205739e+02	7.540000000000000000e+02
1.438990000000000009e+03	1.286666666666666572e+02	5.359933664597807734e+01	1.268567119155361240e+02	7.720000000000000000e+02
1.441650000000000091e+03	1.236666666666666714e+02	5.414076303694123027e+01	1.262944193061846931e+02	7.420000000000000000e+02
1.444309999999999945e+03	1.323333333333333428e+02	6.189686762851754054e+01	1.264754147812978005e+02	7.940000000000000000e+02
1.446980000000000018e+03	1.223333333333333286e+02	6.378522991692948096e+01	1.263752639517352065e+02	7.340000000000000000e+02
1.449640000000000100e+03	1.243333333333333286e+02	5.788974194295758480e+01	1.268726998491711129e+02	7.460000000000000000e+02
1.452299999999999955e+03	1.280000000000000000e+02	5.678027826631355879e+01	1.269710407239825827e+02	7.680000000000000000e+02
1.454960000000000036e+03	1.263333333333333286e+02	6.379568080120227336e+01	1.268693815987940354e+02	7.580000000000000000e+02
1.457619999999999891e+03	1.286666666666666572e+02	5.917957605645906227e+01	1.266392156862751790e+02	7.720000000000000000e+02
1.460269999999999982e+03	1.300000000000000000e+02	5.843514923970560204e+01	1.266316742081454549e+02	7.800000000000000000e+02
1.462930000000000064e+03	1.230000000000000000e+02	5.941660822811525833e+01	1.259107088989448613e+02	7.380000000000000000e+02
1.465589999999999918e+03	1.283333333333333428e+02	6.086506021976446590e+01	1.259737556561092617e+02	7.700000000000000000e+02
1.468240000000000009e+03	1.210000000000000000e+02	4.788527957525151635e+01	1.247885369532434936e+02	7.260000000000000000e+02
1.470890000000000100e+03	1.260000000000000000e+02	5.862877564245507500e+01	1.240651583710413917e+02	7.560000000000000000e+02
1.473549999999999955e+03	1.236666666666666714e+02	5.422688959875492287e+01	1.238392156862751676e+02	7.420000000000000000e+02
1.476200000000000045e+03	1.226666666666666714e+02	5.948295740985162894e+01	1.232232277526401845e+02	7.360000000000000000e+02
1.478849999999999909e+03	1.220000000000000000e+02	6.117733785207285990e+01	1.232033182503777340e+02	7.320000000000000000e+02
1.481500000000000000e+03	1.220000000000000000e+02	5.540156435817795000e+01	1.233987933634999195e+02	7.320000000000000000e+02
1.484150000000000091e+03	1.230000000000000000e+02	6.352689719061262963e+01	1.226742081447970349e+02	7.380000000000000000e+02
1.486799999999999955e+03	1.266666666666666714e+02	5.902165327704364017e+01	1.229628959276024744e+02	7.600000000000000000e+02
1.489440000000000055e+03	1.230000000000000000e+02	5.871683461041362051e+01	1.222184012066371679e+02	7.380000000000000000e+02
1.492089999999999918e+03	1.206666666666666714e+02	6.135869041047803307e+01	1.217815987933641537e+02	7.240000000000000000e+02
1.494730000000000018e+03	1.226666666666666714e+02	5.972901770124430243e+01	1.218265460030172562e+02	7.360000000000000000e+02
1.497380000000000109e+03	1.193333333333333286e+02	5.234076380370805737e+01	1.215390648567125709e+02	7.160000000000000000e+02
1.500019999999999982e+03	1.196666666666666714e+02	5.215894511544070156e+01	1.211393665158377360e+02	7.180000000000000000e+02
1.502660000000000082e+03	1.226666666666666714e+02	5.976249288270659576e+01	1.210962292609357860e+02	7.360000000000000000e+02
1.505299999999999955e+03	1.186666666666666714e+02	5.725576147622370371e+01	1.206853695324290072e+02	7.120000000000000000e+02
1.507940000000000055e+03	1.213333333333333286e+02	6.097722707882199700e+01	1.205167420814486121e+02	7.280000000000000000e+02
1.510579999999999927e+03	1.246666666666666714e+02	6.422529788867382194e+01	1.206868778280549463e+02	7.480000000000000000e+02
1.513220000000000027e+03	1.193333333333333286e+02	5.921336185543109565e+01	1.210847662141786287e+02	7.160000000000000000e+02
1.515859999999999900e+03	1.213333333333333286e+02	5.730231719185145778e+01	1.214425339366522394e+02	7.280000000000000000e+02
1.518500000000000000e+03	1.220000000000000000e+02	6.407287517610969019e+01	1.213689291101062224e+02	7.320000000000000000e+02
1.521130000000000109e+03	1.173333333333333286e+02	5.952777129672800527e+01	1.211016591251891725e+02	7.040000000000000000e+02
1.523769999999999982e+03	1.210000000000000000e+02	5.667156841544679224e+01	1.216865761689297472e+02	7.260000000000000000e+02
1.526400000000000091e+03	1.260000000000000000e+02	6.476624635307088340e+01	1.217031674208151344e+02	7.560000000000000000e+02
1.529039999999999964e+03	1.236666666666666714e+02	6.272072136773371653e+01	1.221843137254908527e+02	7.420000000000000000e+02
1.531670000000000073e+03	1.196666666666666714e+02	5.930055274241173890e+01	1.229710407239825685e+02	7.180000000000000000e+02
1.534299999999999955e+03	1.220000000000000000e+02	6.217180497084939361e+01	1.232301659125195243e+02	7.320000000000000000e+02
1.536930000000000064e+03	1.236666666666666714e+02	6.450236860422690199e+01	1.235384615384622009e+02	7.420000000000000000e+02
1.539559999999999945e+03	1.270000000000000000e+02	6.085775765394799919e+01	1.241707390648573721e+02	7.620000000000000000e+02
1.542190000000000055e+03	1.233333333333333286e+02	6.530611678004510168e+01	1.246974358974365629e+02	7.400000000000000000e+02
1.544819999999999936e+03	1.253333333333333286e+02	6.323149707402334485e+01	1.245951734539976599e+02	7.520000000000000000e+02
1.547440000000000055e+03	1.230000000000000000e+02	6.016366566846360797e+01	1.246699849170444026e+02	7.380000000000000000e+02
1.550069999999999936e+03	1.243333333333333286e+02	6.106189937723485883e+01	1.245088989441937315e+02	7.460000000000000000e+02
1.552690000000000055e+03	1.250000000000000000e+02	6.208327740489650637e+01	1.235858220211168117e+02	7.500000000000000000e+02
1.555319999999999936e+03	1.266666666666666714e+02	6.328419146112944560e+01	1.231897435897442534e+02	7.600000000000000000e+02
1.557940000000000055e+03	1.246666666666666714e+02	5.618619838437984981e+01	1.229239819004531427e+02	7.480000000000000000e+02
1.560559999999999945e+03	1.166666666666666714e+02	6.015166017843748847e+01	1.228307692307698744e+02	7.000000000000000000e+02
1.563180000000000064e+03	1.203333333333333286e+02	5.712462010571468340e+01	1.227861236802419853e+02	7.220000000000000000e+02
1.565799999999999955e+03	1.223333333333333286e+02	6.094168432927406798e+01	1.227444947209659460e+02	7.340000000000000000e+02
1.568420000000000073e+03	1.230000000000000000e+02	6.061627944152736802e+01	1.218509803921575241e+02	7.380000000000000000e+02
1.571039999999999964e+03	1.263333333333333286e+02	6.141027782238264621e+01	1.216087481146311120e+02	7.580000000000000000e+02
1.573660000000000082e+03	1.223333333333333286e+02	6.539537870182843449e+01	1.218479638009056174e+02	7.340000000000000000e+02
1.576269999999999982e+03	1.210000000000000000e+02	6.062727658955716947e+01	1.223390648567125680e+02	7.260000000000000000e+02
1.578890000000000100e+03	1.230000000000000000e+02	6.345339497090233039e+01	1.225155354449478438e+02	7.380000000000000000e+02
1.581509999999999991e+03	1.186666666666666714e+02	6.038395666252935001e+01	1.219815987933641281e+02	7.120000000000000000e+02
1.584119999999999891e+03	1.190000000000000000e+02	6.110919188905490529e+01	1.214856711915541894e+02	7.140000000000000000e+02
1.586730000000000018e+03	1.260000000000000000e+02	6.803920438492305323e+01	1.210886877828060619e+02	7.560000000000000000e+02
1.589339999999999918e+03	1.230000000000000000e+02	6.335876682301616114e+01	1.214926093514335435e+02	7.380000000000000000e+02
1.591950000000000045e+03	1.196666666666666714e+02	6.078833952512785999e+01	1.218929110105587341e+02	7.180000000000000000e+02
1.594559999999999945e+03	1.196666666666666714e+02	5.984888377312386609e+01	1.219025641025647531e+02	7.180000000000000000e+02
1.597170000000000073e+03	1.230000000000000000e+02	6.410148204214938517e+01	1.217463046757170844e+02	7.380000000000000000e+02
1.599779999999999973e+03	1.216666666666666714e+02	6.091980156092288468e+01	1.217441930618407611e+02	7.300000000000000000e+02
1.602390000000000100e+03	1.230000000000000000e+02	6.931810730249348751e+01	1.216015082956265871e+02	7.380000000000000000e+02
1.605000000000000000e+03	1.246666666666666714e+02	6.018490028422596794e+01	1.207831070889901071e+02	7.480000000000000000e+02
1.607599999999999909e+03	1.170000000000000000e+02	5.948389137685372674e+01	1.211131221719463582e+02	7.020000000000000000e+02
1.610210000000000036e+03	1.200000000000000000e+02	6.462197768561404132e+01	1.214226244343897747e+02	7.200000000000000000e+02
1.612809999999999945e+03	1.210000000000000000e+02	6.814445440875337567e+01	1.212503770739071456e+02	7.260000000000000000e+02
1.615410000000000082e+03	1.213333333333333286e+02	5.813394495091103664e+01	1.207363499245858520e+02	7.280000000000000000e+02
1.618009999999999991e+03	1.226666666666666714e+02	6.572332581021410647e+01	1.215013574660640074e+02	7.360000000000000000e+02
1.620609999999999900e+03	1.190000000000000000e+02	6.064926490348694443e+01	1.215248868778286919e+02	7.140000000000000000e+02
1.623220000000000027e+03	1.243333333333333286e+02	6.137770134358423491e+01	1.214929110105587142e+02	7.460000000000000000e+02
1.625809999999999945e+03	1.216666666666666714e+02	6.313389651279959480e+01	1.221565610859734932e+02	7.300000000000000000e+02
1.628410000000000082e+03	1.206666666666666714e+02	6.235026508007448598e+01	1.218196078431379306e+02	7.240000000000000000e+02
1.631009999999999991e+03	1.220000000000000000e+02	5.931835016811127304e+01	1.216138763197593278e+02	7.320000000000000000e+02
1.633599999999999909e+03	1.256666666666666714e+02	7.096869419367638443e+01	1.209399698340881173e+02	7.540000000000000000e+02
1.636200000000000045e+03	1.156666666666666714e+02	5.742724866201486833e+01	1.204980392156869300e+02	6.940000000000000000e+02
1.638789999999999964e+03	1.196666666666666714e+02	6.063460691350737619e+01	1.199680241327306476e+02	7.180000000000000000e+02
1.641390000000000100e+03	1.220000000000000000e+02	5.735270990400831437e+01	1.194648567119161697e+02	7.320000000000000000e+02
1.643980000000000018e+03	1.180000000000000000e+02	6.463229326995393365e+01	1.188256410256416586e+02	7.080000000000000000e+02
1.646569999999999936e+03	1.183333333333333286e+02	6.403558038743425129e+01	1.184193061840126973e+02	7.100000000000000000e+02
1.649160000000000082e+03	1.163333333333333286e+02	6.185377020755394994e+01	1.181912518853701783e+02	6.980000000000000000e+02
1.651750000000000000e+03	1.203333333333333286e+02	6.014888934044326163e+01	1.190108597285074268e+02	7.220000000000000000e+02
1.654339999999999918e+03	1.180000000000000000e+02	6.157921727336260886e+01	1.196708898944199433e+02	7.080000000000000000e+02
1.656930000000000064e+03	1.206666666666666714e+02	6.293559317976504985e+01	1.199236802413279293e+02	7.240000000000000000e+02
1.659519999999999982e+03	1.160000000000000000e+02	5.794250023370870650e+01	1.198886877828060733e+02	6.960000000000000000e+02
1.662109999999999900e+03	1.236666666666666714e+02	6.119277372006890658e+01	1.197628959276024574e+02	7.420000000000000000e+02
1.664690000000000055e+03	1.230000000000000000e+02	6.358983147223042209e+01	1.196180995475119460e+02	7.380000000000000000e+02
1.667279999999999973e+03	1.230000000000000000e+02	6.323237567364785860e+01	1.197966817496235734e+02	7.380000000000000000e+02
1.669859999999999900e+03	1.140000000000000000e+02	5.846936519808186006e+01	1.190723981900459023e+02	6.840000000000000000e+02
1.672440000000000055e+03	1.203333333333333286e+02	6.436786637929070309e+01	1.191257918552042554e+02	7.220000000000000000e+02
1.675019999999999982e+03	1.136666666666666714e+02	5.752004481531247393e+01	1.186769230769236998e+02	6.820000000000000000e+02
1.677599999999999909e+03	1.170000000000000000e+02	6.238322424070967287e+01	1.182220211161393877e+02	7.020000000000000000e+02
1.680180000000000064e+03	1.216666666666666714e+02	6.607487335507265414e+01	1.175668174962298735e+02	7.300000000000000000e+02
1.682759999999999991e+03	1.196666666666666714e+02	5.704286886972716530e+01	1.172211161387638185e+02	7.180000000000000000e+02
1.685339999999999918e+03	1.153333333333333286e+02	6.081301030389979445e+01	1.172669683257924760e+02	6.920000000000000000e+02
1.687920000000000073e+03	1.203333333333333286e+02	6.601430821336302301e+01	1.181146304675722831e+02	7.220000000000000000e+02
1.690490000000000009e+03	1.156666666666666714e+02	5.684384067093128579e+01	1.181260935143294546e+02	6.940000000000000000e+02
1.693069999999999936e+03	1.166666666666666714e+02	6.198566142441509896e+01	1.186950226244350119e+02	7.000000000000000000e+02
1.695650000000000091e+03	1.193333333333333286e+02	5.859086011391954685e+01	1.182539969834093938e+02	7.160000000000000000e+02
1.698220000000000027e+03	1.156666666666666714e+02	5.794729406011025219e+01	1.180404223227758962e+02	6.940000000000000000e+02
1.700789999999999964e+03	1.210000000000000000e+02	5.854627799157403700e+01	1.181119155354455756e+02	7.260000000000000000e+02
1.703359999999999900e+03	1.216666666666666714e+02	6.107281628424293274e+01	1.183837104072404571e+02	7.300000000000000000e+02
1.705930000000000064e+03	1.180000000000000000e+02	5.878775382679627626e+01	1.179595776772253544e+02	7.080000000000000000e+02
1.708500000000000000e+03	1.170000000000000000e+02	6.053924347066124056e+01	1.188437405731529566e+02	7.020000000000000000e+02
1.711069999999999936e+03	1.163333333333333286e+02	5.779753935554311539e+01	1.185336349924591417e+02	6.980000000000000000e+02
1.713640000000000100e+03	1.183333333333333286e+02	6.396266271991983388e+01	1.181610859728513105e+02	7.100000000000000000e+02
1.716210000000000036e+03	1.173333333333333286e+02	6.157560844649085396e+01	1.183815987933641338e+02	7.040000000000000000e+02
1.718779999999999973e+03	1.203333333333333286e+02	6.484254433283409469e+01	1.184316742081454379e+02	7.220000000000000000e+02
1.721339999999999918e+03	1.190000000000000000e+02	6.165225056719340557e+01	1.191571644042238631e+02	7.140000000000000000e+02
1.723910000000000082e+03	1.226666666666666714e+02	6.109737219299115196e+01	1.198398190045255092e+02	7.360000000000000000e+02
1.726470000000000027e+03	1.146666666666666714e+02	5.649385413968102654e+01	1.204552036199101508e+02	6.880000000000000000e+02
1.729029999999999973e+03	1.210000000000000000e+02	6.511272277110415985e+01	1.207242835595783106e+02	7.260000000000000000e+02
1.731589999999999918e+03	1.233333333333333286e+02	6.178097513708317479e+01	1.207568627450986867e+02	7.400000000000000000e+02
1.734160000000000082e+03	1.220000000000000000e+02	6.236451982764986468e+01	1.201888386123686701e+02	7.320000000000000000e+02
1.736720000000000027e+03	1.200000000000000000e+02	6.225752966509352149e+01	1.194467571644048434e+02	7.200000000000000000e+02
1.739269999999999982e+03	1.176666666666666714e+02	6.559894985609314233e+01	1.184941176470594542e+02	7.060000000000000000e+02
1.741829999999999927e+03	1.196666666666666714e+02	6.097449375672494654e+01	1.176708898944199433e+02	7.180000000000000000e+02
1.744390000000000100e+03	1.163333333333333286e+02	6.126898798649190070e+01	1.179245852187034984e+02	6.980000000000000000e+02
1.746950000000000045e+03	1.156666666666666714e+02	6.186454737749418342e+01	1.166461538461544762e+02	6.940000000000000000e+02
1.749500000000000000e+03	1.126666666666666714e+02	5.487764167268447579e+01	1.159882352941182830e+02	6.760000000000000000e+02
1.752059999999999945e+03	1.170000000000000000e+02	6.475337829024830683e+01	1.161692307692313904e+02	7.020000000000000000e+02
1.754609999999999900e+03	1.156666666666666714e+02	5.922180529350842448e+01	1.169686274509810175e+02	6.940000000000000000e+02
1.757160000000000082e+03	1.206666666666666714e+02	6.231817997627622674e+01	1.170766214177985205e+02	7.240000000000000000e+02
1.759720000000000027e+03	1.200000000000000000e+02	6.289674077406554886e+01	1.176045248868784654e+02	7.200000000000000000e+02
1.762269999999999982e+03	1.136666666666666714e+02	5.906399542492494703e+01	1.182123680241333545e+02	6.820000000000000000e+02
1.764819999999999936e+03	1.200000000000000000e+02	6.911825615084146079e+01	1.191514328808452774e+02	7.200000000000000000e+02
1.767369999999999891e+03	1.216666666666666714e+02	6.008235089349358304e+01	1.198141779788845156e+02	7.300000000000000000e+02
1.769920000000000073e+03	1.200000000000000000e+02	6.014427099344818828e+01	1.197435897435903769e+02	7.200000000000000000e+02
1.772460000000000036e+03	1.153333333333333286e+02	6.020705015933673110e+01	1.196003016591258188e+02	6.920000000000000000e+02
1.775009999999999991e+03	1.230000000000000000e+02	6.518435395092905082e+01	1.198042232277532690e+02	7.380000000000000000e+02
1.777549999999999955e+03	1.193333333333333286e+02	6.031767752676012151e+01	1.196609351432887252e+02	7.160000000000000000e+02
1.780099999999999909e+03	1.230000000000000000e+02	6.133786215163789990e+01	1.197019607843143660e+02	7.380000000000000000e+02
1.782640000000000100e+03	1.176666666666666714e+02	6.294353730835985061e+01	1.191665158371047113e+02	7.060000000000000000e+02
1.785190000000000055e+03	1.176666666666666714e+02	6.283753301614852660e+01	1.193990950226250618e+02	7.060000000000000000e+02
1.787730000000000018e+03	1.186666666666666714e+02	6.271274901396756007e+01	1.195849170437412141e+02	7.120000000000000000e+02
1.790269999999999982e+03	1.220000000000000000e+02	6.518691075157138926e+01	1.202986425339372829e+02	7.320000000000000000e+02
1.792809999999999945e+03	1.150000000000000000e+02	5.662449411105880870e+01	1.202895927601816481e+02	6.900000000000000000e+02
1.795349999999999909e+03	1.223333333333333286e+02	6.297530380148148765e+01	1.201701357466069737e+02	7.340000000000000000e+02
1.797890000000000100e+03	1.226666666666666714e+02	6.393399374007192648e+01	1.197209653092012331e+02	7.360000000000000000e+02
1.800430000000000064e+03	1.220000000000000000e+02	6.370766568213488057e+01	1.199622926093520618e+02	7.320000000000000000e+02
1.802960000000000036e+03	1.193333333333333286e+02	6.610765630562183048e+01	1.199372549019614240e+02	7.160000000000000000e+02
1.805500000000000000e+03	1.226666666666666714e+02	6.043913375362761542e+01	1.195146304675722746e+02	7.360000000000000000e+02
1.808039999999999964e+03	1.160000000000000000e+02	6.174139616173252421e+01	1.193834087481152721e+02	6.960000000000000000e+02
1.810569999999999936e+03	1.136666666666666714e+02	5.528612443964177459e+01	1.195550527903475597e+02	6.820000000000000000e+02
1.813099999999999909e+03	1.203333333333333286e+02	6.257173660864961562e+01	1.195740573152344268e+02	7.220000000000000000e+02
1.815640000000000100e+03	1.220000000000000000e+02	6.040971224342434454e+01	1.199517345399704737e+02	7.320000000000000000e+02
1.818170000000000073e+03	1.213333333333333286e+02	6.036187170354772746e+01	1.206401206636507197e+02	7.280000000000000000e+02
1.820700000000000045e+03	1.196666666666666714e+02	5.948015542085350660e+01	1.207653092006039657e+02	7.180000000000000000e+02
1.823230000000000018e+03	1.233333333333333286e+02	6.627887211539503198e+01	1.205309200603324769e+02	7.400000000000000000e+02
1.825759999999999991e+03	1.220000000000000000e+02	6.208596191303366396e+01	1.214606334841635373e+02	7.320000000000000000e+02
1.828279999999999973e+03	1.243333333333333286e+02	7.048798163911033043e+01	1.214748114630474163e+02	7.460000000000000000e+02
1.830809999999999945e+03	1.180000000000000000e+02	6.331929669013494077e+01	1.215387631975873717e+02	7.080000000000000000e+02
1.833339999999999918e+03	1.193333333333333286e+02	6.348403123795953462e+01	1.209414781297140564e+02	7.160000000000000000e+02
1.835859999999999900e+03	1.163333333333333286e+02	5.971506417051637783e+01	1.207390648567125595e+02	6.980000000000000000e+02
1.838390000000000100e+03	1.220000000000000000e+02	6.321392251711642984e+01	1.204386123680247636e+02	7.320000000000000000e+02
1.840910000000000082e+03	1.256666666666666714e+02	6.527293126216682140e+01	1.194268476621424213e+02	7.540000000000000000e+02
1.843430000000000064e+03	1.196666666666666714e+02	6.473964953737564088e+01	1.189963800904983771e+02	7.180000000000000000e+02
1.845950000000000045e+03	1.213333333333333286e+02	6.249977777738271811e+01	1.192226244343897719e+02	7.280000000000000000e+02
1.848480000000000018e+03	1.123333333333333286e+02	5.505653659850229076e+01	1.197607843137261199e+02	6.740000000000000000e+02
1.851000000000000000e+03	1.203333333333333286e+02	6.347090321994446072e+01	1.191689291101062054e+02	7.220000000000000000e+02
1.853519999999999982e+03	1.176666666666666714e+02	6.048048353716171732e+01	1.190319758672706172e+02	7.060000000000000000e+02
1.856029999999999973e+03	1.170000000000000000e+02	6.420539956524943648e+01	1.186965309200609511e+02	7.020000000000000000e+02
1.858549999999999955e+03	1.223333333333333286e+02	6.592335617130615333e+01	1.182365007541484374e+02	7.340000000000000000e+02
1.861069999999999936e+03	1.230000000000000000e+02	6.701989754294366719e+01	1.191203619909508689e+02	7.380000000000000000e+02
1.863579999999999927e+03	1.170000000000000000e+02	5.753549628997158294e+01	1.197046757164410593e+02	7.020000000000000000e+02
1.866099999999999909e+03	1.166666666666666714e+02	5.865909041989049655e+01	1.200778280542992889e+02	7.000000000000000000e+02
1.868609999999999900e+03	1.226666666666666714e+02	6.702901527613910559e+01	1.203390648567125538e+02	7.360000000000000000e+02
1.871119999999999891e+03	1.203333333333333286e+02	6.010453856037458564e+01	1.206938159879342720e+02	7.220000000000000000e+02
1.873640000000000100e+03	1.176666666666666714e+02	5.933426965553343990e+01	1.208066365007547915e+02	7.060000000000000000e+02
1.876150000000000091e+03	1.253333333333333286e+02	7.334545354386702343e+01	1.213800904977382089e+02	7.520000000000000000e+02
1.878660000000000082e+03	1.206666666666666714e+02	7.071696323293929254e+01	1.217149321266974766e+02	7.240000000000000000e+02
1.881170000000000073e+03	1.200000000000000000e+02	6.143831594914257010e+01	1.222277526395180018e+02	7.200000000000000000e+02
1.883670000000000073e+03	1.266666666666666714e+02	6.735643168168047623e+01	1.216180995475119460e+02	7.600000000000000000e+02
1.886180000000000064e+03	1.183333333333333286e+02	6.317612066455348696e+01	1.212111613876326146e+02	7.100000000000000000e+02
1.888690000000000055e+03	1.230000000000000000e+02	6.531717487256574373e+01	1.209951734539976371e+02	7.380000000000000000e+02
1.891190000000000055e+03	1.233333333333333286e+02	6.083493148585678512e+01	1.204766214177985404e+02	7.400000000000000000e+02
1.893700000000000045e+03	1.146666666666666714e+02	5.552977179455680101e+01	1.195559577677231147e+02	6.880000000000000000e+02
1.896200000000000045e+03	1.190000000000000000e+02	6.134872995153743602e+01	1.195085972850685039e+02	7.140000000000000000e+02
1.898710000000000036e+03	1.180000000000000000e+02	5.891236429364099791e+01	1.191155354449478523e+02	7.080000000000000000e+02
1.901210000000000036e+03	1.226666666666666714e+02	6.192109674595744906e+01	1.192171945701363853e+02	7.360000000000000000e+02
1.903710000000000036e+03	1.176666666666666714e+02	6.272072136773371653e+01	1.202823529411771091e+02	7.060000000000000000e+02
1.906210000000000036e+03	1.200000000000000000e+02	6.211816696157949735e+01	1.208111613876326231e+02	7.200000000000000000e+02
1.908710000000000036e+03	1.213333333333333286e+02	6.184568609764862401e+01	1.210844645550534295e+02	7.280000000000000000e+02
1.911210000000000036e+03	1.223333333333333286e+02	6.226199125915870525e+01	1.217858220211167861e+02	7.340000000000000000e+02
1.913710000000000036e+03	1.233333333333333286e+02	6.101001739241041832e+01	1.219411764705888856e+02	7.400000000000000000e+02
1.916210000000000036e+03	1.260000000000000000e+02	6.833252032036673995e+01	1.222772247360489075e+02	7.560000000000000000e+02
1.918700000000000045e+03	1.220000000000000000e+02	6.571656310753527919e+01	1.229610859728513219e+02	7.320000000000000000e+02
1.921200000000000045e+03	1.210000000000000000e+02	6.074811382531422765e+01	1.234380090497744220e+02	7.260000000000000000e+02
1.923690000000000055e+03	1.180000000000000000e+02	6.262055040746075463e+01	1.235888386123686757e+02	7.080000000000000000e+02
1.926180000000000064e+03	1.256666666666666714e+02	6.636682571553016885e+01	1.237927601809961260e+02	7.540000000000000000e+02
1.928680000000000064e+03	1.266666666666666714e+02	6.589554023014169104e+01	1.239475113122178556e+02	7.600000000000000000e+02
1.931170000000000073e+03	1.246666666666666714e+02	6.954774539040707282e+01	1.237200603318256924e+02	7.480000000000000000e+02
1.933660000000000082e+03	1.263333333333333286e+02	6.279508119448706083e+01	1.232956259426854189e+02	7.580000000000000000e+02
1.936150000000000091e+03	1.200000000000000000e+02	6.522780593172413433e+01	1.238467571644048917e+02	7.200000000000000000e+02
1.938640000000000100e+03	1.253333333333333286e+02	6.344201201797503131e+01	1.235689291101062395e+02	7.520000000000000000e+02
1.941130000000000109e+03	1.226666666666666714e+02	6.632914559645371355e+01	1.223716440422329299e+02	7.360000000000000000e+02
1.943619999999999891e+03	1.210000000000000000e+02	6.225485255517570238e+01	1.218003016591258358e+02	7.260000000000000000e+02
1.946099999999999909e+03	1.193333333333333286e+02	5.992958831458426516e+01	1.219303167420821126e+02	7.160000000000000000e+02
1.948589999999999918e+03	1.216666666666666714e+02	6.264627327747083285e+01	1.219610859728513361e+02	7.300000000000000000e+02
1.951069999999999936e+03	1.246666666666666714e+02	6.438081149604197151e+01	1.217616892911017032e+02	7.480000000000000000e+02
1.953559999999999945e+03	1.180000000000000000e+02	6.044281043543006149e+01	1.216766214177985432e+02	7.080000000000000000e+02
1.956039999999999964e+03	1.210000000000000000e+02	5.947268280479702440e+01	1.220446455505285570e+02	7.260000000000000000e+02
1.958519999999999982e+03	1.303333333333333428e+02	7.518347927274685105e+01	1.220793363499252280e+02	7.820000000000000000e+02
1.961000000000000000e+03	1.206666666666666714e+02	6.609757097570900441e+01	1.219167420814486036e+02	7.240000000000000000e+02
1.963480000000000018e+03	1.183333333333333286e+02	5.717128261247560062e+01	1.217831070889900928e+02	7.100000000000000000e+02
1.965960000000000036e+03	1.203333333333333286e+02	6.001573867652458460e+01	1.212431372549026065e+02	7.220000000000000000e+02
1.968440000000000055e+03	1.220000000000000000e+02	6.540132516496385051e+01	1.209514328808452888e+02	7.320000000000000000e+02
1.970920000000000073e+03	1.260000000000000000e+02	6.635259351876659650e+01	1.214018099547517835e+02	7.560000000000000000e+02
1.973400000000000091e+03	1.150000000000000000e+02	6.302116046747050149e+01	1.216920060331831621e+02	6.900000000000000000e+02
1.975869999999999891e+03	1.220000000000000000e+02	6.355050484981741477e+01	1.216361990950232723e+02	7.320000000000000000e+02
1.978349999999999909e+03	1.236666666666666714e+02	6.226199125915871235e+01	1.234467571644048860e+02	7.420000000000000000e+02
1.980819999999999936e+03	1.230000000000000000e+02	6.400781202322103525e+01	1.248217194570142397e+02	7.380000000000000000e+02
1.983289999999999964e+03	1.260000000000000000e+02	6.739930761266518289e+01	1.250991273432449589e+02	7.560000000000000000e+02
1.985769999999999982e+03	1.280000000000000000e+02	6.751789886146241315e+01	1.251980176686058712e+02	7.680000000000000000e+02
1.988240000000000009e+03	1.276666666666666714e+02	6.508882819313583923e+01	1.251183904330962946e+02	7.660000000000000000e+02
1.990710000000000036e+03	1.233333333333333286e+02	6.222182539556000336e+01	1.248602456367162006e+02	7.400000000000000000e+02
1.993180000000000064e+03	1.293333333333333428e+02	6.610765630562183048e+01	1.244235832794656176e+02	7.760000000000000000e+02
1.995650000000000091e+03	1.240000000000000000e+02	6.785278181474949122e+01	1.238084033613445172e+02	7.440000000000000000e+02
1.998119999999999891e+03	1.186666666666666714e+02	6.081301030389979445e+01	1.230147058823529278e+02	7.120000000000000000e+02
